18.4972 0.73 9.6422 0.5930
5.4713 0.8251 3.6858 0.6082
2.1998 0.8485 1.9772 0.6449
1.2142 0.8732 1.0167 0.8748
0.8641 0.8840 0.9927 0.7826
0.6918 0.8971 0.7406 0.8453
0.5912 0.9064 0.7365 0.8274
0.5312 0.9151 0.7270 0.8274
0.4765 0.9253 0.4699 0.9213
0.4377 0.9323 0.4122 0.9383
0.4137 0.9362 0.4304 0.9195
0.3882 0.9413 0.7877 0.8157
0.3639 0.9461 0.3537 0.9419
0.3488 0.9482 0.4677 0.9016
0.3362 0.9495 0.4752 0.9034
0.3184 0.9546 0.3238 0.9517
0.3062 0.9577 0.3469 0.9490
0.2973 0.9594 0.3254 0.9472
0.2866 0.9592 0.5569 0.8524
0.2831 0.9631 0.2853 0.9606
0.2312 0.9790 0.2928 0.9544
0.2133 0.9824 0.3916 0.9213
0.1943 0.9871 0.2594 0.9606
0.1882 0.9858 0.2840 0.9544
0.1786 0.9876 0.6941 0.8444
0.1814 0.9845 0.2247 0.9723
0.1797 0.9832 0.2625 0.9571
0.1854 0.9792 0.2826 0.9454
0.1689 0.9858 0.3905 0.9132
0.1648 0.9862 0.2527 0.9624
0.1409 0.9930 0.2271 0.9678
0.1267 0.9979 0.2366 0.9723
0.1214 0.9981 0.1934 0.9776
0.1168 0.9986 0.2127 0.9741
0.1129 0.9992 0.1880 0.9767
0.1118 0.9989 0.1838 0.9830
0.1089 0.9988 0.1854 0.9785
0.1074 0.9984 0.2245 0.9642
0.1039 0.9994 0.1902 0.9758
0.1027 0.9989 0.1925 0.9732
0.0996 0.9998 0.1975 0.9741
0.0995 0.9998 0.1991 0.9741
0.0992 0.9997 0.1985 0.9732
0.0984 0.9999 0.2003 0.9732
0.0982 0.9998 0.2002 0.9741
0.0979 0.9998 0.2000 0.9750
0.0973 1.0000 0.2014 0.9750
0.0969 1.0000 0.2012 0.9750
0.0963 1.0000 0.2022 0.9750





1-20 adagrad lr=0.01
21-30 SGD lr=0.0006 momentum=0.5 nesterov=True
31-40 adagrad lr=0.0006
41-50 adadelta lr=0.0003
